CRN,Cap,Act,Rem,Status
34171,25,10,15,Restricted: See Counselor
34344,25,4,21,Restricted: See Counselor
34872,25,1,24,Restricted: See Counselor
34345,25,1,24,Restricted: See Counselor
34173,25,11,14,Restricted: See Counselor
34874,25,1,24,Restricted: See Counselor
32044,40,--,0,See Instructor
36526,40,--,0,See Instructor
32416,36,18,18,OPEN
35016,40,--,0,See Instructor
35017,40,--,0,See Instructor
32774,40,--,0,See Instructor
38353,40,--,0,See Instructor
32417,40,--,0,See Instructor
30004,40,--,0,See Instructor
38097,40,--,0,See Instructor
38461,40,--,0,See Instructor
30070,65,64,1,OPEN
30010,40,--,0,See Instructor
33473,40,--,0,See Instructor
31311,40,37,3,OPEN
34622,35,18,17,OPEN
37090,36,16,20,OPEN
34621,60,--,0,See Instructor
38462,40,--,0,See Instructor
31549,40,--,0,See Instructor
36379,60,59,1,OPEN
32233,40,32,8,OPEN
35018,40,--,0,See Instructor
38463,40,--,0,See Instructor
31626,40,--,0,See Instructor
38514,40,19,21,OPEN
37296,50,39,11,OPEN
35553,20,10,10,OPEN
33443,25,11,14,Restricted: See Counselor
38159,25,5,20,Restricted: See Counselor
35546,25,17,8,Restricted: See Counselor
33816,25,6,19,Restricted: See Counselor
38085,25,10,15,Restricted: See Counselor
37477,25,3,22,Restricted: See Counselor
35310,25,14,11,Restricted: See Counselor
35530,25,7,18,Restricted: See Counselor
38086,25,8,17,Restricted: See Counselor
37479,25,4,21,Restricted: See Counselor
38611,25,3,22,Restricted: See Counselor
35061,25,10,15,Restricted: See Counselor
38608,25,14,11,Restricted: See Counselor
38161,25,15,10,Restricted: See Counselor
38162,25,18,7,Restricted: See Counselor
33451,25,4,21,Restricted: See Counselor
34881,25,17,8,Restricted: See Counselor
38164,25,13,12,Restricted: See Counselor
34289,25,3,22,Restricted: See Counselor
37481,25,13,12,Restricted: See Counselor
33456,25,5,20,Restricted: See Counselor
33458,25,8,17,Restricted: See Counselor
37483,25,21,4,Restricted: See Counselor
38167,25,2,23,Restricted: See Counselor
37484,25,3,22,Restricted: See Counselor
38158,25,16,9,Restricted: See Counselor
38169,25,2,23,Restricted: See Counselor
38170,25,16,9,Restricted: See Counselor
34608,25,22,3,Restricted: See Counselor
38079,25,1,24,Restricted: See Counselor
38533,25,4,21,Restricted: See Counselor
38534,25,3,22,Restricted: See Counselor
38607,25,0,25,Restricted: See Counselor
38535,25,10,15,Restricted: See Counselor
38609,25,6,19,Restricted: See Counselor
30019,90,63,27,OPEN
30658,40,--,0,See Instructor
35019,40,15,25,OPEN
38438,40,26,14,OPEN
36472,40,--,0,See Instructor
30652,80,60,20,OPEN
37207,40,--,0,See Instructor
30023,40,20,20,OPEN
30026,40,30,10,OPEN
30024,40,34,6,OPEN
35023,40,28,12,OPEN
38709,20,6,14,OPEN
30362,30,--,0,See Instructor
32121,30,--,0,See Instructor
36010,30,--,0,See Instructor
37546,24,--,0,See Instructor
38602,30,--,0,See Instructor
30031,30,--,0,See Instructor
30033,24,--,0,See Instructor
30036,30,--,0,See Instructor
31230,30,--,0,See Instructor
33887,24,--,0,See Instructor
34545,30,--,0,See Instructor
36011,30,--,0,See Instructor
30034,30,--,0,See Instructor
30315,30,--,0,See Instructor
36563,30,--,0,CLOSED
30116,30,--,0,CLOSED
30479,30,--,0,See Instructor
33380,30,--,0,See Instructor
36012,30,--,0,See Instructor
36562,30,--,0,See Instructor
37598,30,--,0,See Instructor
33152,24,--,0,See Instructor
32506,7,--,0,See Instructor
32333,40,--,0,See Instructor
36697,40,--,0,See Instructor
36811,40,--,0,See Instructor
37137,40,--,0,See Instructor
37902,40,--,0,See Instructor
31482,40,--,0,See Instructor
36404,40,36,4,OPEN
30037,40,39,1,OPEN
32948,40,21,19,OPEN
35550,40,--,0,See Instructor
36460,40,--,0,See Instructor
36462,40,--,0,See Instructor
36695,40,--,0,See Instructor
37034,40,--,0,See Instructor
37532,40,--,0,See Instructor
37722,40,--,0,See Instructor
37533,40,--,0,CLOSED
38849,40,--,0,Waitlisted
38687,35,9,26,Restricted: Dual Enrollment
34840,35,--,0,See Instructor
33576,25,24,1,OPEN
33577,25,20,5,OPEN
33579,25,24,1,OPEN
33578,25,24,1,OPEN
34683,25,--,0,See Instructor
36414,25,24,1,OPEN
30335,25,--,0,See Instructor
30640,25,--,0,See Instructor
31667,25,--,0,See Instructor
30893,40,38,2,OPEN
36696,40,26,14,OPEN
36743,40,--,0,See Instructor
38385,40,--,0,See Instructor
37726,40,--,0,See Instructor
36808,40,--,0,Waitlisted
36130,35,12,23,OPEN
33303,40,30,10,OPEN
36131,40,--,0,See Instructor
30625,40,21,19,OPEN
38386,25,10,15,OPEN
36698,40,--,0,See Instructor
37537,40,--,0,See Instructor
38892,1,0,1,Permission of Instructor
37539,40,--,0,CLOSED
30043,30,14,16,OPEN
37603,24,--,0,See Instructor
38855,24,11,10,OPEN
31084,24,18,6,OPEN
34201,24,3,10,OPEN
31751,30,--,0,CLOSED
30379,30,--,0,CLOSED
38591,30,16,14,OPEN
35928,30,29,1,OPEN
38852,24,15,6,OPEN
37604,24,21,3,OPEN
30867,24,18,6,OPEN
34203,24,3,6,OPEN
31749,24,16,8,OPEN
37863,24,7,3,OPEN
30049,24,14,3,OPEN
35742,24,10,14,OPEN
37101,35,20,15,OPEN
36344,35,--,0,See Instructor
37599,35,--,0,See Instructor
30155,35,13,22,OPEN
37601,35,--,0,See Instructor
37602,35,--,0,CLOSED
38399,30,5,25,OPEN
33902,30,1,29,OPEN
33013,35,32,3,OPEN
35410,40,--,0,See Instructor
36093,40,--,0,See Instructor
36162,40,--,0,See Instructor
36573,40,--,0,See Instructor
36643,40,--,0,See Instructor
30056,60,37,23,OPEN
38683,48,12,36,OPEN
30059,60,--,0,See Instructor
32190,60,--,0,See Instructor
37788,60,--,0,See Instructor
38641,60,--,0,See Instructor
36617,60,14,46,OPEN
32564,60,24,36,OPEN
32594,60,56,4,OPEN
33014,30,29,1,OPEN
36579,30,--,0,See Instructor
37116,30,--,0,CLOSED
32596,60,43,17,OPEN
30062,28,14,14,OPEN
30064,30,--,0,See Instructor
30066,28,--,0,See Instructor
30068,30,26,4,OPEN
31123,30,26,4,OPEN
31162,28,12,16,OPEN
31273,28,18,10,OPEN
30073,30,--,0,See Instructor
30074,30,--,0,See Instructor
30219,30,--,0,See Instructor
38592,30,--,0,See Instructor
30550,30,25,5,OPEN
30067,28,--,0,See Instructor
30075,28,--,0,CLOSED
36175,28,--,0,CLOSED
30076,30,26,2,OPEN
32037,30,23,5,OPEN
30001,30,2,2,OPEN
32038,30,2,5,OPEN
33605,24,17,7,OPEN
30079,24,18,6,OPEN
30123,24,8,16,OPEN
31466,24,13,11,OPEN
37609,22,--,0,See Instructor
37608,22,--,0,See Instructor
30124,24,11,11,OPEN
37742,24,--,0,See Instructor
30081,1,--,0,CLOSED
30083,24,--,0,See Instructor
36626,24,21,3,OPEN
30084,24,22,2,OPEN
30085,24,10,14,OPEN
36624,24,22,2,OPEN
30093,24,6,12,OPEN
30095,24,6,12,OPEN
34612,24,0,12,OPEN
30232,24,--,0,See Instructor
37919,24,8,8,OPEN
30484,24,7,8,OPEN
31156,24,1,8,OPEN
30039,17,12,2,OPEN
30094,17,13,2,OPEN
31329,17,--,0,See Instructor
30104,17,3,2,OPEN
30707,17,2,2,OPEN
30097,24,23,1,OPEN
38258,24,--,0,See Instructor
30098,24,--,0,See Instructor
30101,24,--,0,See Instructor
31173,24,--,0,See Instructor
30103,24,15,9,OPEN
33604,24,16,8,OPEN
30144,24,--,0,See Instructor
37545,24,--,0,See Instructor
32772,24,--,0,See Instructor
30099,24,--,0,See Instructor
30105,24,--,0,See Instructor
31755,24,--,0,See Instructor
36614,24,--,0,See Instructor
31602,24,10,14,OPEN
30711,24,8,16,OPEN
31552,24,8,16,OPEN
31553,24,0,16,OPEN
30106,24,18,6,OPEN
35408,24,0,6,OPEN
30107,24,--,0,See Instructor
37881,24,--,0,See Instructor
30109,24,--,0,See Instructor
30127,20,8,10,OPEN
30111,17,--,0,See Instructor
36618,17,--,0,CLOSED
30540,17,--,0,CLOSED
38596,17,--,0,CLOSED
36619,17,--,0,CLOSED
30114,17,--,0,CLOSED
38597,17,--,0,CLOSED
36620,17,--,0,CLOSED
30115,17,--,0,CLOSED
38598,17,--,0,CLOSED
36621,17,--,0,CLOSED
32039,17,--,0,CLOSED
38599,17,--,0,CLOSED
30110,17,--,0,CLOSED
30761,17,--,0,CLOSED
30765,17,--,0,CLOSED
30783,17,--,0,CLOSED
33632,22,5,17,OPEN
37844,22,11,11,OPEN
30377,22,13,8,OPEN
32109,22,1,8,OPEN
32107,24,13,8,OPEN
38446,24,11,11,OPEN
38451,24,2,11,OPEN
32115,24,3,8,OPEN
35927,24,7,17,OPEN
37743,24,2,11,OPEN
38595,20,2,10,OPEN
34819,25,15,10,OPEN
37238,25,--,0,See Instructor
38766,25,20,5,OPEN
35243,25,23,2,OPEN
35244,25,16,9,OPEN
35245,25,--,0,See Instructor
37237,25,21,4,OPEN
35924,25,--,0,See Instructor
37236,25,--,0,See Instructor
34820,25,--,0,See Instructor
34822,25,--,0,See Instructor
34823,25,--,0,See Instructor
37073,25,--,0,See Instructor
38866,25,17,8,OPEN
34824,25,--,0,See Instructor
38867,25,9,16,OPEN
38401,25,12,13,OPEN
36802,25,--,0,See Instructor
37235,25,--,0,See Instructor
38148,35,--,0,See Instructor
38268,35,--,0,See Instructor
38149,35,34,1,OPEN
38740,5,0,5,Permission of Instructor
32682,22,15,7,OPEN
37336,22,15,7,OPEN
32684,22,15,7,OPEN
37297,24,23,1,OPEN
36373,24,--,0,See Instructor
36374,20,--,0,See Instructor
35428,20,17,3,OPEN
36314,20,--,0,See Instructor
36165,20,15,5,OPEN
36164,16,14,2,OPEN
36168,16,--,0,See Instructor
36176,16,15,1,OPEN
36778,20,--,0,See Instructor
37298,20,--,0,CLOSED
37299,20,4,16,OPEN
31204,27,--,0,See Instructor
31200,27,--,0,See Instructor
33382,27,26,1,OPEN
33384,27,24,3,OPEN
36014,27,25,2,OPEN
33383,27,--,0,See Instructor
36043,27,--,0,See Instructor
30213,27,14,13,OPEN
38425,27,--,0,See Instructor
32093,24,20,4,OPEN
32513,24,19,5,OPEN
32094,24,12,12,OPEN
33386,24,14,10,OPEN
35053,24,9,15,OPEN
33772,24,--,0,See Instructor
35557,24,--,0,CLOSED
32765,24,14,10,OPEN
36044,24,10,14,OPEN
33791,28,--,0,See Instructor
32510,28,27,1,OPEN
35775,28,--,0,See Instructor
30307,30,--,0,See Instructor
32301,30,--,0,See Instructor
33944,30,27,3,OPEN
33949,30,--,0,See Instructor
33952,30,--,0,CLOSED
33962,30,--,0,See Instructor
33971,30,--,0,See Instructor
33972,30,--,0,See Instructor
33974,30,--,0,See Instructor
35401,30,28,2,OPEN
38259,30,--,0,See Instructor
33940,30,--,0,See Instructor
33943,30,--,0,See Instructor
33951,30,--,0,See Instructor
33963,30,--,0,See Instructor
33965,30,28,2,OPEN
33970,30,--,0,See Instructor
34832,24,--,0,See Instructor
37910,24,--,0,See Instructor
37557,30,--,0,See Instructor
38260,1,0,1,Permission of Instructor
38900,1,0,1,Permission of Instructor
37558,24,7,17,OPEN
37027,27,--,0,See Instructor
32508,16,12,4,OPEN
32517,12,6,6,OPEN
38557,12,6,6,OPEN
32030,10,6,4,Restricted
34034,40,29,11,OPEN
34037,40,--,0,Waitlisted
38095,30,19,11,OPEN
33191,40,--,0,See Instructor
33676,40,--,0,See Instructor
33861,40,33,7,OPEN
36388,40,--,0,Waitlisted
34038,40,--,0,Waitlisted
38487,40,10,30,OPEN
34039,60,--,0,See Instructor
33839,40,--,0,Waitlisted
33682,40,--,0,Waitlisted
33683,40,--,0,Waitlisted
33840,40,--,0,Waitlisted
33843,40,--,0,Waitlisted
35585,40,--,0,Waitlisted
33848,40,--,0,Waitlisted
34041,40,--,0,Waitlisted
34042,40,--,0,Waitlisted
36390,60,--,0,See Instructor
34044,40,--,0,Waitlisted
37300,40,--,0,Waitlisted
38841,40,12,28,OPEN
38843,40,--,0,See Instructor
38842,40,--,0,See Instructor
38844,40,--,0,See Instructor
38845,40,17,23,OPEN
38870,40,12,28,OPEN
38871,40,12,28,OPEN
37308,40,31,9,OPEN
37102,85,--,0,See Instructor
38014,40,27,13,OPEN
30178,80,--,0,CLOSED
36066,80,--,0,CLOSED
38467,35,--,0,See Instructor
30182,40,38,2,OPEN
31709,40,39,1,OPEN
38390,40,39,1,OPEN
31211,40,--,0,See Instructor
33560,40,39,1,OPEN
38435,40,15,25,OPEN
30327,85,--,0,See Instructor
35032,40,--,0,See Instructor
35033,85,--,0,See Instructor
37961,40,34,6,OPEN
38512,40,25,15,OPEN
36415,40,--,0,Waitlisted
38515,30,21,9,Restricted: Dual Enrollment
38721,30,27,3,Restricted: Dual Enrollment
30738,40,27,13,OPEN
34639,40,37,3,OPEN
37256,40,15,25,OPEN
32060,40,--,0,Waitlisted
38389,40,25,15,OPEN
38090,40,20,20,OPEN
37104,40,--,0,See Instructor
32229,40,39,1,OPEN
35126,40,--,0,CLOSED
30195,40,39,1,OPEN
30264,40,37,3,OPEN
38275,40,14,26,OPEN
37662,40,--,0,See Instructor
33795,85,--,0,See Instructor
33800,40,--,0,See Instructor
37115,40,39,1,OPEN
37257,40,--,0,See Instructor
37834,40,37,3,OPEN
36625,40,31,9,OPEN
35055,35,--,0,See Instructor
36530,35,--,0,See Instructor
35618,35,--,0,See Instructor
36489,65,--,0,See Instructor
36694,35,--,0,See Instructor
32945,35,--,0,Waitlisted
37982,35,33,2,OPEN
35587,35,--,0,See Instructor
37313,35,--,0,See Instructor
36123,35,25,10,OPEN
38513,35,7,28,OPEN
32792,30,--,0,Waitlisted
38739,5,1,4,Permission of Dean
38810,5,3,2,Permission of Dean
38860,1,--,0,CLOSED
38868,1,--,0,CLOSED
38894,1,--,0,CLOSED
37048,5,1,4,Permission of Dean
37935,3,1,2,Permission of Dean
38825,5,1,4,Permission of Dean
38872,1,--,0,CLOSED
38888,5,0,5,Permission of Dean
38780,1,--,0,Permission of Dean
38468,35,12,23,OPEN
38469,35,3,32,OPEN
38470,35,11,24,OPEN
38096,40,8,32,OPEN
37843,40,--,0,Waitlisted
36128,40,--,0,See Instructor
36124,80,--,0,Waitlisted
37295,40,34,6,OPEN
36125,40,--,0,Waitlisted
31868,40,22,18,OPEN
36536,40,--,0,See Instructor
36537,40,--,0,Waitlisted
32794,40,--,0,See Instructor
38466,40,--,0,Waitlisted
37459,25,12,13,OPEN
37461,25,24,1,OPEN
37463,25,5,20,OPEN
38803,16,10,6,OPEN
37465,25,16,9,OPEN
38573,25,23,2,OPEN
37467,25,--,0,See Instructor
37471,25,--,0,Waitlisted
36660,20,8,12,OPEN
38574,20,--,0,Waitlisted
36658,20,--,0,See Instructor
37476,16,--,0,See Instructor
38575,20,6,14,OPEN
38577,25,6,19,OPEN
37475,20,--,0,See Instructor
38254,20,9,11,OPEN
31315,40,11,29,OPEN
38670,40,29,11,OPEN
30558,40,--,0,See Instructor
33140,40,16,24,OPEN
30253,40,--,0,See Instructor
32160,40,--,0,See Instructor
32193,40,16,24,OPEN
37709,40,21,19,OPEN
38856,40,2,38,OPEN
38655,40,--,0,CLOSED
35622,40,36,4,OPEN
34375,40,2,38,OPEN
35631,40,8,32,OPEN
34728,40,13,27,OPEN
38858,40,15,25,OPEN
38564,40,13,27,OPEN
38565,40,16,24,OPEN
34724,40,7,33,OPEN
38566,40,7,33,OPEN
35136,40,19,21,OPEN
37718,40,--,0,See Instructor
31562,40,23,17,OPEN
34010,40,--,0,See Instructor
38667,40,--,0,See Instructor
30748,40,--,0,Waitlisted
36138,40,--,0,CLOSED
38713,40,--,0,Waitlisted
30135,40,28,12,OPEN
35770,40,23,17,OPEN
31563,40,--,0,CLOSED
36699,40,--,0,See Instructor
38896,40,19,21,OPEN
30599,40,16,24,OPEN
30644,40,10,30,OPEN
38808,35,6,29,OPEN
38711,40,35,5,OPEN
38712,40,--,0,See Instructor
36140,40,26,14,OPEN
35628,40,6,34,OPEN
38571,40,18,22,OPEN
35686,40,17,23,OPEN
30246,27,--,0,See Instructor
30248,27,--,0,See Instructor
32445,27,26,1,OPEN
32100,27,--,0,See Instructor
30156,27,--,0,See Instructor
30247,27,--,0,See Instructor
31086,27,--,0,See Instructor
31188,27,--,0,See Instructor
33977,27,--,0,See Instructor
36041,27,--,0,See Instructor
30163,27,--,0,See Instructor
30300,27,23,4,OPEN
32446,27,24,3,OPEN
30250,27,--,0,See Instructor
32447,27,--,0,See Instructor
30252,27,--,0,CLOSED
31327,27,--,0,See Instructor
33555,27,--,0,See Instructor
30804,27,--,0,See Instructor
31164,27,--,0,CLOSED
36558,27,--,0,See Instructor
37873,27,--,0,See Instructor
30251,27,--,0,See Instructor
30467,27,--,0,See Instructor
32441,27,--,0,See Instructor
32442,27,--,0,See Instructor
37874,27,--,0,See Instructor
30807,27,26,1,OPEN
30470,27,16,11,OPEN
33377,24,--,0,See Instructor
35353,24,23,1,OPEN
34391,24,18,6,OPEN
33691,24,--,0,See Instructor
38742,5,0,5,Permission of Instructor
30344,27,--,0,See Instructor
32299,27,--,0,See Instructor
37934,27,--,0,See Instructor
38857,27,--,0,See Instructor
30345,27,--,0,See Instructor
30259,27,--,0,See Instructor
31035,27,--,0,See Instructor
31091,27,--,0,See Instructor
31161,27,--,0,See Instructor
31301,27,--,0,See Instructor
32105,27,--,0,See Instructor
30164,27,--,0,See Instructor
32451,27,--,0,CLOSED
30365,30,22,8,OPEN
30828,30,21,9,OPEN
31957,30,--,0,See Instructor
31346,30,21,9,OPEN
31445,30,19,11,OPEN
31374,30,28,2,OPEN
38639,25,20,5,Restricted: Dual Enrollment
36030,25,23,2,OPEN
33212,25,--,0,Waitlisted
38640,25,14,11,Restricted: Dual Enrollment
33312,25,17,8,OPEN
30514,25,9,16,OPEN
38402,25,--,0,See Instructor
36029,25,13,12,OPEN
31576,25,24,1,OPEN
36657,25,23,2,OPEN
35248,25,--,0,See Instructor
35284,60,53,7,OPEN
38684,48,4,44,OPEN
35285,60,50,10,OPEN
37543,60,31,29,OPEN
35288,60,--,0,See Instructor
35289,90,--,0,CLOSED
37861,60,--,0,See Instructor
35300,60,--,0,See Instructor
35302,60,--,0,See Instructor
35303,60,56,4,OPEN
35305,35,7,28,OPEN
35304,120,--,0,CLOSED
35307,60,--,0,See Instructor
35269,120,--,0,CLOSED
38600,60,--,0,Waitlisted
35270,24,--,0,See Instructor
35273,24,18,6,OPEN
35272,24,9,15,OPEN
37088,22,16,6,OPEN
38642,22,8,9,OPEN
35277,16,--,0,See Instructor
37142,24,16,8,OPEN
35279,16,4,12,OPEN
38643,22,5,9,OPEN
36315,32,--,0,See Instructor
30502,32,--,0,See Instructor
34490,32,--,0,See Instructor
35102,32,--,0,See Instructor
37978,32,--,0,See Instructor
37979,32,--,0,See Instructor
37980,32,--,0,See Instructor
30289,32,31,1,OPEN
37254,32,18,14,OPEN
30509,100,--,0,See Instructor
38066,30,17,13,OPEN
36484,30,26,4,OPEN
35068,30,9,21,OPEN
36345,30,28,2,OPEN
36381,30,--,0,See Instructor
37007,30,--,0,See Instructor
38067,30,--,0,See Instructor
30294,30,29,1,OPEN
38318,30,18,12,OPEN
31478,30,--,0,See Instructor
37084,30,--,0,See Instructor
35671,40,--,0,See Instructor
35672,30,28,2,OPEN
38320,20,12,8,OPEN
37251,30,20,10,OPEN
38322,30,24,6,OPEN
37248,20,10,10,OPEN
35675,30,26,4,OPEN
37072,30,7,23,OPEN
37247,30,13,17,OPEN
33066,30,--,0,CLOSED
37928,30,29,1,OPEN
35563,30,28,2,OPEN
35564,30,--,0,CLOSED
35692,30,28,2,OPEN
38593,30,--,0,CLOSED
38689,30,--,0,CLOSED
33041,30,--,0,CLOSED
33044,30,--,0,CLOSED
33045,30,--,0,CLOSED
33373,30,--,0,CLOSED
37941,30,--,0,CLOSED
38381,60,22,38,OPEN
33138,60,40,20,OPEN
37943,60,--,0,See Instructor
37996,60,--,0,Waitlisted
38043,1,0,1,Permission of Instructor
38044,5,0,5,Permission of Dean
35501,18,--,0,See Instructor
35866,18,0,18,OPEN
35867,18,3,15,OPEN
33996,18,--,0,See Instructor
33997,18,--,0,See Instructor
34003,18,11,7,OPEN
34004,18,11,7,OPEN
37678,35,--,0,See Instructor
37679,35,--,0,See Instructor
37032,35,--,0,Waitlisted
37680,35,--,0,Waitlisted
37681,35,--,0,See Instructor
31077,35,8,27,OPEN
38840,30,0,30,Restricted: Dual Enrollment
38838,18,0,18,Restricted: Dual Enrollment
38839,27,0,27,Restricted: Dual Enrollment
31451,35,19,16,Restricted: Ujima
30869,35,23,12,OPEN
31630,35,10,25,OPEN
31461,35,--,0,See Instructor
37758,35,--,0,See Instructor
37759,35,--,0,See Instructor
37760,35,--,0,See Instructor
37864,35,--,0,See Instructor
38835,25,18,7,Restricted: Dual Enrollment
38834,25,10,15,Restricted: Dual Enrollment
38836,25,16,9,Restricted: Dual Enrollment
38837,25,18,7,Restricted: Dual Enrollment
37683,35,--,0,See Instructor
37684,35,--,0,See Instructor
31128,30,--,0,See Instructor
34983,30,24,6,OPEN
36336,30,22,8,OPEN
36446,30,--,0,See Instructor
37849,30,--,0,See Instructor
37850,30,--,0,See Instructor
38614,30,--,0,See Instructor
37166,30,--,0,See Instructor
36420,30,--,0,See Instructor
37045,30,--,0,See Instructor
37985,30,--,0,See Instructor
36335,30,--,0,See Instructor
32284,30,--,0,See Instructor
37973,30,--,0,See Instructor
38372,30,28,2,OPEN
37772,30,--,0,See Instructor
38373,30,26,4,OPEN
38342,30,12,18,OPEN
38034,30,--,0,See Instructor
36833,30,26,4,OPEN
32277,30,--,0,See Instructor
38519,30,15,15,OPEN
38363,1,0,1,Permission of Dean
38022,30,--,0,See Instructor
32685,16,9,7,Restricted: Dental Assisting
35413,16,9,7,Restricted: Dental Assisting
32686,24,19,5,Restricted: Dental Assisting
37730,16,15,1,Restricted: Dental Assisting
37673,16,11,5,Restricted: Dental Assisting
38817,6,3,3,Restricted: Dental Assisting
38818,6,--,0,Restricted: Dental Assisting
38819,6,--,0,Restricted: Dental Assisting
38716,16,15,1,Restricted: Dental Assisting
35211,12,11,1,Restricted: Dental Assisting
37671,15,--,0,Restricted: Dental Assisting
32738,18,15,3,Restricted: Dental Assisting
31139,30,--,0,CLOSED
31028,30,--,0,CLOSED
38722,30,15,10,OPEN
38723,30,5,10,OPEN
34412,30,17,13,OPEN
34413,30,0,13,OPEN
30290,30,12,15,OPEN
32822,30,3,15,OPEN
38724,30,16,12,OPEN
37870,30,12,18,OPEN
38725,30,2,12,OPEN
37871,30,0,18,OPEN
38307,30,9,21,OPEN
38308,30,0,21,OPEN
38733,30,19,11,OPEN
38304,30,19,11,OPEN
38306,30,--,0,See Instructor
35536,30,--,0,CLOSED
35537,30,--,0,CLOSED
31640,1,0,1,Permission of Instructor
37388,30,11,19,OPEN
38545,30,24,6,OPEN
38299,30,--,0,See Instructor
38081,30,--,0,CLOSED
38300,20,10,7,OPEN
38301,20,3,7,OPEN
35758,20,7,13,OPEN
37565,20,9,11,OPEN
32713,8,7,1,Restricted: Dental Hygiene
38801,8,7,1,Restricted: Dental Hygiene
32714,16,13,3,Restricted: Dental Hygiene
32715,16,15,1,Restricted: Dental Hygiene
34837,16,14,2,Restricted: Dental Hygiene
38351,16,13,3,Restricted: Dental Hygiene
38352,16,13,3,Restricted: Dental Hygiene
32718,16,14,2,Restricted: Dental Hygiene
38822,1,--,0,CLOSED
36356,16,13,3,Restricted: Dental Hygiene
37669,8,--,0,Restricted: Dental Hygiene
37727,8,6,2,Restricted: Dental Hygiene
36575,24,--,0,See Instructor
36576,24,--,0,See Instructor
37659,24,--,0,CLOSED
36538,24,--,0,See Instructor
36572,24,--,0,See Instructor
36546,24,--,0,See Instructor
36548,24,--,0,See Instructor
36550,24,--,0,See Instructor
36605,24,--,0,See Instructor
36543,24,--,0,See Instructor
36544,24,13,11,OPEN
36606,24,11,12,OPEN
36545,24,20,4,OPEN
36690,24,1,12,OPEN
36540,24,--,0,See Instructor
36553,24,20,4,OPEN
36555,24,22,2,OPEN
38786,24,17,7,OPEN
36551,24,--,0,See Instructor
36640,24,--,0,See Instructor
37661,24,--,0,See Instructor
37061,24,--,0,See Instructor
36634,24,--,0,CLOSED
38815,24,--,0,CLOSED
36633,24,--,0,CLOSED
38816,24,--,0,CLOSED
36556,24,19,5,OPEN
38584,20,17,3,OPEN
38585,20,17,3,OPEN
38586,20,14,6,OPEN
38727,20,12,8,OPEN
38246,20,18,2,OPEN
34499,24,18,6,OPEN
33563,24,--,0,See Instructor
37232,24,10,14,OPEN
37233,24,--,0,See Instructor
33487,24,12,12,OPEN
33650,24,16,8,OPEN
38489,24,21,3,OPEN
33491,24,--,0,See Instructor
37120,24,14,10,OPEN
31541,40,--,0,See Instructor
30385,40,--,0,CLOSED
32341,40,15,25,OPEN
36151,40,--,0,See Instructor
36153,40,--,0,See Instructor
37138,40,32,8,OPEN
32339,40,31,9,OPEN
30374,40,--,0,See Instructor
31341,40,--,0,CLOSED
32338,40,--,0,CLOSED
36150,40,--,0,See Instructor
38045,40,--,0,See Instructor
38443,40,--,0,See Instructor
38718,40,--,0,See Instructor
37705,40,--,0,See Instructor
30511,40,--,0,See Instructor
36700,40,--,0,See Instructor
31558,40,17,23,OPEN
31713,40,13,27,OPEN
33911,40,--,0,See Instructor
33912,40,13,27,OPEN
34620,40,--,0,See Instructor
37706,40,--,0,See Instructor
37707,40,--,0,See Instructor
38047,40,--,0,See Instructor
36702,35,--,0,See Instructor
38143,25,12,13,OPEN
38142,25,--,0,See Instructor
34520,40,--,0,See Instructor
38145,40,--,0,Waitlisted
33609,20,12,8,OPEN
35471,20,14,6,OPEN
38524,20,15,5,OPEN
38653,20,13,7,OPEN
32801,20,10,10,OPEN
36023,20,--,0,See Instructor
32802,20,--,0,CLOSED
33593,20,5,6,OPEN
33594,20,1,19,OPEN
34506,20,0,20,OPEN
32803,20,--,0,CLOSED
33595,20,9,6,OPEN
33596,20,0,19,OPEN
34508,20,0,20,OPEN
37831,16,--,0,See Instructor
37832,16,2,14,OPEN
30412,40,16,24,OPEN
35206,40,31,9,OPEN
35789,40,10,30,OPEN
31506,40,20,20,OPEN
37778,40,4,36,OPEN
37777,40,7,33,OPEN
37002,40,16,24,OPEN
37003,40,31,9,OPEN
37001,40,10,30,OPEN
37780,40,7,33,OPEN
37006,40,20,20,OPEN
37781,40,4,36,OPEN
38644,40,4,36,OPEN
30226,28,27,1,OPEN
30419,28,12,16,OPEN
30423,28,--,0,See Instructor
30435,28,27,1,OPEN
30445,28,27,1,OPEN
30459,28,--,0,See Instructor
31212,28,--,0,See Instructor
31328,28,26,2,OPEN
31505,28,--,0,See Instructor
32463,28,27,1,OPEN
32471,28,24,4,OPEN
35412,28,23,5,OPEN
35429,28,27,1,OPEN
35712,28,27,1,OPEN
35717,28,--,0,See Instructor
35959,28,--,0,See Instructor
36505,28,--,0,See Instructor
36529,28,--,0,See Instructor
36642,28,18,10,OPEN
37290,28,13,15,OPEN
38115,28,21,7,OPEN
38118,28,13,15,OPEN
38130,28,12,16,OPEN
38131,28,27,1,OPEN
38137,28,27,1,OPEN
30245,28,21,7,OPEN
30420,28,23,5,OPEN
30434,28,--,0,See Instructor
30436,28,27,1,OPEN
30443,28,26,2,OPEN
30444,28,26,2,OPEN
30456,28,--,0,See Instructor
30830,28,--,0,See Instructor
32464,28,15,13,OPEN
32473,28,25,3,OPEN
36507,28,--,0,See Instructor
36641,28,16,12,OPEN
37292,28,--,0,See Instructor
38121,28,--,0,See Instructor
38127,28,21,7,OPEN
38132,28,--,0,See Instructor
38133,28,24,4,OPEN
30431,28,11,17,OPEN
30432,28,--,0,See Instructor
31697,28,16,12,OPEN
30452,28,--,0,CLOSED
30584,28,--,0,See Instructor
32211,28,--,0,See Instructor
32212,28,--,0,See Instructor
32466,28,--,0,See Instructor
35754,28,--,0,See Instructor
35767,28,--,0,See Instructor
35967,28,--,0,See Instructor
36492,28,--,0,See Instructor
37293,28,27,1,OPEN
37294,28,--,0,See Instructor
37521,28,--,0,See Instructor
37522,28,--,0,See Instructor
37524,28,--,0,See Instructor
38032,28,9,19,OPEN
34589,28,--,0,CLOSED
35753,28,--,0,Waitlisted
35779,28,--,0,Waitlisted
35828,28,--,0,Waitlisted
37523,28,--,0,Waitlisted
37525,28,--,0,Waitlisted
38056,28,--,0,CLOSED
38057,28,--,0,CLOSED
38064,28,--,0,Waitlisted
31587,28,27,1,OPEN
36431,28,--,0,Waitlisted
37530,28,--,0,Waitlisted
38010,28,--,0,Waitlisted
33923,28,21,7,OPEN
37100,28,17,11,OPEN
38136,28,--,0,See Instructor
35222,28,--,0,Waitlisted
35498,28,--,0,Waitlisted
37145,28,--,0,Waitlisted
37520,28,--,0,Waitlisted
37963,28,--,0,Waitlisted
38873,28,--,0,Waitlisted
37492,25,9,16,OPEN
30462,28,--,0,See Instructor
30471,28,--,0,See Instructor
30688,28,--,0,See Instructor
37309,28,7,21,OPEN
37310,28,--,0,See Instructor
37311,28,25,3,OPEN
37312,28,16,12,OPEN
37321,28,--,0,See Instructor
37326,28,--,0,See Instructor
38797,28,27,1,OPEN
38799,28,25,3,OPEN
38875,28,9,19,OPEN
30308,28,--,0,See Instructor
30398,28,--,0,See Instructor
30400,28,20,8,OPEN
30760,28,14,14,OPEN
36387,28,--,0,See Instructor
37315,28,27,1,OPEN
37316,28,17,11,OPEN
37912,28,--,0,See Instructor
38536,28,18,10,OPEN
38798,28,--,0,See Instructor
38804,28,--,0,See Instructor
38805,28,22,6,OPEN
38859,28,14,14,OPEN
37570,28,11,17,OPEN
38785,28,12,16,OPEN
37328,28,11,17,OPEN
35497,28,--,0,See Instructor
35893,28,--,0,See Instructor
35984,28,25,3,OPEN
37323,28,--,0,CLOSED
37512,28,--,0,See Instructor
37513,28,27,1,OPEN
37515,28,--,0,CLOSED
37516,28,--,0,See Instructor
37517,28,--,0,See Instructor
37897,28,--,0,See Instructor
37898,28,--,0,See Instructor
37901,28,--,0,See Instructor
38806,28,25,3,OPEN
38848,28,26,2,OPEN
38176,28,9,19,OPEN
37324,28,--,0,Waitlisted
38020,28,--,0,Waitlisted
38030,28,--,0,CLOSED
38058,28,--,0,Waitlisted
37957,28,--,0,Waitlisted
37920,28,--,0,CLOSED
37702,28,--,0,See Instructor
36377,28,25,3,OPEN
37325,28,--,0,Waitlisted
37951,28,--,0,CLOSED
37970,28,--,0,CLOSED
37932,25,20,5,OPEN
37493,25,--,0,See Instructor
30003,28,7,21,OPEN
30310,30,22,8,Restricted: Puente
32758,28,--,0,See Instructor
33369,28,19,9,OPEN
35420,28,21,7,OPEN
35780,28,19,9,OPEN
35985,28,--,0,See Instructor
35989,28,27,1,OPEN
38140,28,12,16,OPEN
30477,28,--,0,See Instructor
30488,28,--,0,See Instructor
30496,28,24,4,OPEN
33368,28,--,0,See Instructor
34798,28,17,11,OPEN
35814,28,8,20,OPEN
37133,28,10,18,Permission of Instructor
34755,28,26,2,OPEN
36343,28,6,22,OPEN
35903,28,--,0,See Instructor
35981,28,--,0,See Instructor
35982,28,27,1,OPEN
36386,28,25,3,OPEN
36522,28,--,0,See Instructor
36570,28,--,0,See Instructor
37128,28,--,0,See Instructor
37332,28,--,0,CLOSED
37333,28,19,9,OPEN
37899,28,--,0,See Instructor
38178,28,9,19,OPEN
38516,28,8,20,Restricted: Study Abroad
38060,28,26,2,OPEN
36523,28,11,17,OPEN
37146,28,16,12,OPEN
38019,28,6,22,OPEN
38637,30,14,16,Restricted: Dual Enrollment
36294,25,19,6,OPEN
36293,25,--,0,See Instructor
30478,28,--,0,See Instructor
37330,28,--,0,See Instructor
38517,28,20,8,Restricted: Study Abroad
37329,28,15,13,OPEN
38483,15,--,0,See Instructor
37331,28,--,0,See Instructor
35983,28,--,0,See Instructor
31005,25,11,3,OPEN
31536,25,0,2,OPEN
37914,25,1,4,OPEN
38553,25,5,9,OPEN
31319,25,8,4,OPEN
31669,25,--,0,CLOSED
35145,1,0,1,Permission of Instructor
38475,30,--,0,See Instructor
37494,30,23,7,OPEN
38480,30,--,0,See Instructor
32457,30,13,17,OPEN
30486,36,15,21,OPEN
30422,36,21,15,OPEN
38696,30,26,4,OPEN
38481,30,--,0,CLOSED
32757,30,--,0,See Instructor
35130,30,28,2,OPEN
38518,28,16,12,Restricted: Study Abroad
37509,30,21,1,OPEN
38618,30,29,1,OPEN
37511,30,--,0,CLOSED
37283,28,12,16,OPEN
37281,28,27,1,OPEN
37284,28,21,7,OPEN
38138,28,27,1,OPEN
37285,28,11,17,OPEN
37291,28,13,15,OPEN
31723,24,--,0,See Instructor
30210,24,21,3,OPEN
32317,24,20,4,OPEN
35477,24,--,0,See Instructor
36571,24,--,0,See Instructor
36243,24,16,8,OPEN
36322,24,--,0,See Instructor
35079,24,23,1,OPEN
34342,27,--,0,See Instructor
30169,30,--,0,See Instructor
33893,30,--,0,See Instructor
33894,30,--,0,See Instructor
30170,30,29,1,OPEN
31154,30,29,1,OPEN
33773,27,23,4,OPEN
33610,30,--,0,See Instructor
37559,27,15,12,OPEN
38102,25,24,1,OPEN
38103,25,12,13,OPEN
38105,25,--,0,Waitlisted
38098,25,15,10,OPEN
38099,25,19,6,OPEN
38101,25,--,0,Waitlisted
38106,25,14,11,OPEN
38109,25,9,16,OPEN
38108,25,--,0,See Instructor
38485,25,24,1,OPEN
31497,25,11,14,OPEN
38486,25,10,15,OPEN
38802,25,13,12,OPEN
38113,25,24,1,OPEN
38116,25,--,0,See Instructor
30686,25,--,0,CLOSED
36009,25,--,0,See Instructor
38112,25,--,0,CLOSED
38192,20,11,9,OPEN
38193,20,1,19,OPEN
38180,30,9,21,OPEN
38492,20,11,9,OPEN
38493,30,1,29,OPEN
38181,30,--,0,See Instructor
38494,20,9,11,OPEN
38182,30,10,20,OPEN
38183,30,8,22,OPEN
38184,30,14,16,OPEN
38213,26,--,0,See Instructor
38214,26,24,2,OPEN
34102,30,28,2,OPEN
37382,30,23,7,OPEN
38215,30,20,10,OPEN
38216,30,26,4,OPEN
38501,29,7,22,OPEN
38500,29,--,0,See Instructor
34109,30,6,24,OPEN
37384,30,10,20,OPEN
38217,30,10,20,OPEN
38219,30,16,14,OPEN
34112,30,--,0,See Instructor
34116,30,--,0,See Instructor
38792,30,--,0,See Instructor
34118,30,--,0,See Instructor
38220,30,--,0,See Instructor
38503,30,7,23,OPEN
38502,30,--,0,See Instructor
34119,30,6,24,OPEN
34123,30,--,0,Waitlisted
38898,30,0,30,OPEN
34122,30,13,17,OPEN
34126,30,12,18,OPEN
34127,30,--,0,See Instructor
34133,30,26,4,OPEN
34131,30,--,0,See Instructor
34136,30,21,9,OPEN
38505,30,20,10,OPEN
38504,30,--,0,See Instructor
34137,30,25,5,OPEN
34140,30,10,20,OPEN
34142,30,13,17,OPEN
37884,30,8,22,OPEN
34143,30,--,0,See Instructor
37939,30,26,4,OPEN
38795,30,--,0,See Instructor
34148,30,17,13,OPEN
34150,30,20,10,OPEN
38507,30,12,18,OPEN
38506,30,24,6,OPEN
34151,30,--,0,Waitlisted
38082,30,24,6,OPEN
38899,30,1,29,OPEN
34153,30,13,17,OPEN
34155,30,10,20,OPEN
34163,30,18,12,OPEN
35908,30,--,0,See Instructor
38796,30,16,14,OPEN
35907,30,19,11,OPEN
37446,30,--,0,See Instructor
38509,30,11,19,OPEN
38508,30,7,23,OPEN
34166,30,--,0,Waitlisted
38221,30,9,21,OPEN
35911,30,14,16,OPEN
38222,30,6,24,OPEN
38223,30,--,0,See Instructor
38224,30,29,1,OPEN
35351,30,--,0,See Instructor
38195,30,23,7,OPEN
38496,30,10,20,OPEN
38497,15,13,2,OPEN
35350,30,22,8,OPEN
37975,15,0,15,OPEN
36637,30,23,7,OPEN
38203,30,6,24,OPEN
35358,30,--,0,See Instructor
38191,30,--,0,See Instructor
38196,30,--,0,See Instructor
38197,30,9,21,OPEN
38185,30,28,2,OPEN
35357,30,15,15,OPEN
37306,30,12,18,OPEN
35361,25,22,3,OPEN
37193,25,24,1,OPEN
38206,25,10,15,OPEN
35363,25,9,16,OPEN
38499,25,--,0,See Instructor
38198,25,18,7,OPEN
38186,25,--,0,See Instructor
37194,25,6,19,OPEN
38207,25,2,23,OPEN
35365,30,26,4,OPEN
35364,30,13,17,OPEN
35367,30,12,18,OPEN
37937,30,17,13,OPEN
38208,30,8,22,OPEN
35368,25,15,10,OPEN
35369,25,13,12,OPEN
38190,30,7,23,OPEN
37192,30,22,8,OPEN
37940,30,22,8,OPEN
37307,30,19,11,OPEN
38209,25,19,6,OPEN
38187,25,10,15,OPEN
38210,25,17,8,OPEN
38189,30,23,7,OPEN
38188,30,19,11,OPEN
38396,30,26,4,OPEN
38397,30,3,27,OPEN
35374,25,22,3,OPEN
35376,25,18,7,OPEN
38211,25,18,7,OPEN
38212,25,11,14,OPEN
37625,40,--,0,CLOSED
38862,40,16,17,OPEN
37630,40,12,5,OPEN
37631,40,--,0,CLOSED
37688,40,19,1,OPEN
37624,40,--,0,CLOSED
38878,40,--,0,CLOSED
38616,40,0,37,Restricted: Dual Enrollment
38482,30,--,0,CLOSED
38313,40,5,23,OPEN
38315,40,7,22,OPEN
38824,40,4,34,OPEN
37620,40,--,0,CLOSED
38472,30,8,1,OPEN
37674,40,10,9,OPEN
37668,40,11,8,OPEN
37676,40,15,11,OPEN
38418,40,18,2,OPEN
37616,40,2,23,OPEN
37677,40,12,12,OPEN
37700,40,12,1,OPEN
37690,40,5,20,OPEN
38421,40,--,0,CLOSED
38473,30,--,0,CLOSED
37786,40,--,0,CLOSED
30904,26,--,0,See Instructor
37636,26,--,0,See Instructor
30391,26,--,0,See Instructor
31334,26,18,8,OPEN
32904,20,6,10,OPEN
30665,35,--,0,See Instructor
32770,35,--,0,See Instructor
32182,24,16,8,OPEN
38442,24,--,0,See Instructor
31180,24,23,1,OPEN
30863,24,18,6,OPEN
32761,20,11,9,OPEN
30194,20,13,7,OPEN
31163,20,10,9,OPEN
31146,20,0,9,OPEN
34208,20,1,9,OPEN
38445,20,12,5,OPEN
34981,35,--,0,See Instructor
35297,20,4,10,OPEN
32771,20,3,5,OPEN
38092,40,39,1,OPEN
38432,40,--,0,See Instructor
38767,30,10,20,Restricted: Dual Enrollment
38093,40,39,1,OPEN
38433,40,--,0,Waitlisted
37278,40,11,29,OPEN
30639,30,12,18,OPEN
30643,30,24,6,OPEN
30636,30,10,20,OPEN
30427,30,--,0,See Instructor
38800,30,--,0,See Instructor
30492,30,16,14,OPEN
30733,30,10,20,OPEN
30647,25,13,12,OPEN
33990,25,8,13,OPEN
33985,25,4,13,OPEN
38405,25,10,13,OPEN
38715,25,2,13,OPEN
38404,25,--,0,See Instructor
34180,21,5,16,Restricted: See Counselor
34181,21,0,21,Restricted: See Counselor
34182,21,2,19,Restricted: See Counselor
38173,21,3,18,Restricted: See Counselor
38775,21,2,19,Restricted: See Counselor
34183,21,0,21,Restricted: See Counselor
34184,21,3,18,Restricted: See Counselor
38776,21,1,20,Restricted: See Counselor
34185,21,0,21,Restricted: See Counselor
38175,21,1,20,Restricted: See Counselor
37111,21,1,20,Restricted: See Counselor
37112,21,0,21,Restricted: See Counselor
38174,21,2,19,Restricted: See Counselor
34014,35,31,4,OPEN
36585,35,--,0,See Instructor
30656,35,32,3,OPEN
30657,35,15,20,OPEN
31516,35,--,0,See Instructor
32132,35,--,0,See Instructor
32983,35,--,0,See Instructor
33891,35,--,0,See Instructor
33220,35,33,2,OPEN
35730,35,--,0,See Instructor
38000,35,--,0,See Instructor
38011,35,33,2,OPEN
33228,35,--,0,CLOSED
33229,35,--,0,CLOSED
36001,35,28,7,OPEN
37114,35,--,0,See Instructor
38035,35,--,0,CLOSED
30347,35,--,0,See Instructor
30349,35,23,12,OPEN
32061,35,--,0,See Instructor
38155,35,--,0,See Instructor
38735,25,10,15,Restricted: Dual Enrollment
36003,24,8,16,OPEN
33526,24,--,0,See Instructor
38156,35,7,28,OPEN
33204,1,--,0,CLOSED
37428,24,23,1,OPEN
37429,24,15,9,OPEN
30661,35,34,1,OPEN
31634,30,--,0,See Instructor
31654,35,--,0,See Instructor
34812,30,25,5,OPEN
36005,30,21,9,OPEN
35414,30,29,1,OPEN
37430,30,--,0,See Instructor
30684,35,31,4,OPEN
30196,30,14,16,OPEN
34012,35,19,16,OPEN
37447,18,12,6,OPEN
32130,35,31,4,OPEN
34769,35,28,7,OPEN
36628,35,--,0,See Instructor
38152,35,--,0,CLOSED
38153,30,28,2,OPEN
33202,1,0,1,Permission of Instructor
36007,35,25,10,OPEN
37204,35,--,0,See Instructor
38720,35,--,0,Waitlisted
38695,30,0,30,OPEN
37670,40,30,10,OPEN
34368,18,16,2,OPEN
38582,25,18,7,OPEN
34369,18,11,7,OPEN
38583,25,11,14,OPEN
30794,30,18,12,OPEN
30778,30,11,19,OPEN
36741,25,4,18,OPEN
36742,25,3,18,OPEN
31608,30,29,1,OPEN
33735,30,--,0,Waitlisted
38294,35,--,0,See Instructor
30660,35,--,0,See Instructor
30784,35,32,3,OPEN
31192,35,33,2,OPEN
37391,35,34,1,OPEN
31419,35,--,0,Waitlisted
37402,35,--,0,Waitlisted
38887,35,--,0,CLOSED
38626,30,19,11,Restricted: Dual Enrollment
38627,30,--,0,CLOSED
38628,30,25,5,Restricted: Dual Enrollment
38629,30,23,7,Restricted: Dual Enrollment
38630,30,--,0,CLOSED
36678,35,--,0,See Instructor
38886,35,--,0,Waitlisted
36679,35,--,0,CLOSED
38781,30,0,30,Restricted: Dual Enrollment
37365,35,--,0,See Instructor
30295,40,38,2,OPEN
30355,40,27,13,OPEN
30692,40,13,27,OPEN
35606,40,35,5,OPEN
34751,40,39,1,OPEN
37566,40,--,0,See Instructor
33498,40,--,0,See Instructor
38391,40,29,11,OPEN
34933,40,--,0,See Instructor
35716,40,--,0,CLOSED
30058,40,16,24,OPEN
31194,36,13,23,OPEN
31577,40,25,15,OPEN
32342,40,10,30,OPEN
35639,40,38,2,OPEN
30715,40,32,8,OPEN
32952,40,26,14,OPEN
35808,40,--,0,See Instructor
30706,40,23,17,OPEN
32323,40,--,0,See Instructor
32194,40,--,0,See Instructor
33240,40,--,0,See Instructor
33243,40,--,0,See Instructor
38613,40,--,0,See Instructor
33231,40,--,0,See Instructor
33232,40,37,3,OPEN
33233,40,--,0,See Instructor
33238,40,--,0,See Instructor
33244,40,--,0,CLOSED
33235,40,--,0,Waitlisted
33236,40,--,0,Waitlisted
33237,40,--,0,Waitlisted
34687,40,--,0,Waitlisted
35859,40,--,0,Waitlisted
36417,40,--,0,Waitlisted
36456,40,--,0,Waitlisted
37179,40,--,0,Waitlisted
32056,40,22,18,OPEN
33937,40,--,0,See Instructor
35612,40,22,18,OPEN
30723,40,18,22,OPEN
35610,40,32,8,OPEN
36819,36,19,17,OPEN
38561,40,36,4,OPEN
38594,40,23,17,OPEN
32346,40,23,17,OPEN
32345,40,12,28,OPEN
36705,40,--,0,See Instructor
36706,40,25,15,OPEN
36707,40,--,0,See Instructor
37745,40,--,0,See Instructor
37746,40,--,0,See Instructor
37748,40,--,0,CLOSED
37749,40,--,0,See Instructor
37752,40,--,0,See Instructor
37750,40,--,0,CLOSED
37753,40,--,0,Waitlisted
37757,35,--,0,See Instructor
33953,40,24,16,OPEN
31157,40,--,0,See Instructor
38885,35,24,11,Restricted: Dual Enrollment
38717,20,6,14,Restricted: Dual Enrollment
38612,40,8,32,OPEN
30040,40,32,8,OPEN
30063,40,26,14,OPEN
30855,40,20,20,OPEN
35644,40,--,0,See Instructor
38540,40,15,25,OPEN
35788,40,13,27,OPEN
38312,40,12,23,OPEN
38314,40,11,22,OPEN
37588,40,21,9,OPEN
37584,40,21,8,OPEN
37585,40,14,11,OPEN
38416,40,20,2,OPEN
37591,40,16,12,OPEN
37593,40,27,1,OPEN
37592,40,15,20,OPEN
38419,40,--,0,CLOSED
38779,40,--,0,See Instructor
38778,15,0,15,Restricted
38543,40,--,0,See Instructor
37732,30,--,0,See Instructor
37733,30,--,0,See Instructor
37736,30,25,5,OPEN
37737,40,--,0,See Instructor
37738,40,--,0,See Instructor
37729,40,--,0,Waitlisted
38054,40,35,5,OPEN
38864,25,14,11,OPEN
38865,25,--,0,See Instructor
38453,40,--,0,See Instructor
38511,40,19,21,OPEN
37470,40,--,0,Waitlisted
38736,40,29,11,OPEN
37944,40,--,0,CLOSED
38455,24,21,3,OPEN
37945,24,--,0,See Instructor
37221,40,--,0,Waitlisted
37222,40,--,0,Waitlisted
37223,40,--,0,Waitlisted
38456,24,9,15,OPEN
38457,24,19,5,OPEN
38458,24,4,20,OPEN
31289,40,--,0,See Instructor
35646,40,18,22,OPEN
35826,40,36,4,OPEN
35151,40,--,0,See Instructor
38427,40,--,0,See Instructor
30729,40,--,0,See Instructor
38428,40,19,21,Restricted: Study Abroad
37984,40,--,0,CLOSED
38606,30,24,6,Restricted: Dual Enrollment
37790,35,--,0,See Instructor
37578,35,--,0,See Instructor
38429,40,16,24,Restricted: Study Abroad
37787,40,--,0,See Instructor
37577,40,25,15,OPEN
32349,40,--,0,See Instructor
32965,40,--,0,See Instructor
37958,40,--,0,See Instructor
38430,40,20,20,Restricted: Study Abroad
34318,30,16,14,OPEN
30446,30,21,9,OPEN
34735,30,14,16,OPEN
31050,30,--,0,CLOSED
30736,30,--,0,See Instructor
30293,30,9,21,OPEN
37031,30,--,0,See Instructor
31590,25,3,15,OPEN
30662,25,7,15,OPEN
38406,25,15,2,OPEN
38407,25,8,2,OPEN
34386,25,--,0,See Instructor
32610,25,--,0,See Instructor
30481,30,13,17,OPEN
30730,30,--,0,See Instructor
30739,30,12,18,OPEN
30482,30,22,8,OPEN
31431,30,--,0,See Instructor
31465,30,17,13,OPEN
32031,30,27,3,OPEN
30744,30,--,0,See Instructor
31281,30,--,0,See Instructor
30740,30,17,13,OPEN
30746,30,--,0,See Instructor
31684,30,--,0,See Instructor
30742,25,12,13,OPEN
38415,30,6,24,OPEN
31687,25,24,1,OPEN
35926,25,4,16,OPEN
36793,25,5,16,OPEN
32223,25,20,5,OPEN
31303,30,22,8,OPEN
38311,30,16,14,OPEN
30753,30,14,6,OPEN
31754,30,9,6,OPEN
37793,20,9,4,OPEN
37845,20,0,4,OPEN
32313,30,0,6,OPEN
32314,30,1,6,OPEN
35224,3,1,2,Permission of Dean
38881,15,0,15,OPEN
38088,15,10,5,OPEN
36468,40,31,9,OPEN
36469,40,36,4,OPEN
36466,25,17,8,OPEN
36467,25,15,10,OPEN
37361,15,14,1,OPEN
34021,25,21,4,OPEN
36031,25,18,7,OPEN
37404,15,--,0,See Instructor
37403,15,13,2,OPEN
34022,25,20,5,OPEN
34023,25,16,9,OPEN
34024,35,--,0,See Instructor
34026,15,10,5,OPEN
30475,35,21,6,OPEN
31147,35,21,10,OPEN
35468,35,--,0,CLOSED
35473,35,--,0,CLOSED
37162,35,25,2,OPEN
34530,35,17,3,OPEN
37408,35,--,0,CLOSED
38768,35,18,1,OPEN
38771,35,9,14,OPEN
34898,35,19,6,OPEN
31492,35,3,10,OPEN
31600,35,4,6,OPEN
35469,35,--,0,CLOSED
35474,35,--,0,CLOSED
38289,35,6,2,OPEN
34531,35,3,3,OPEN
37409,35,--,0,CLOSED
38769,35,6,1,OPEN
38772,35,6,14,OPEN
34899,35,9,6,OPEN
30978,35,4,6,OPEN
35463,35,1,10,OPEN
35470,35,--,0,CLOSED
35475,35,--,0,CLOSED
38290,35,2,2,OPEN
34532,35,12,3,OPEN
37410,35,--,0,CLOSED
38770,35,10,1,OPEN
38773,35,6,14,OPEN
34900,35,1,6,OPEN
33034,35,--,0,CLOSED
38012,35,--,0,CLOSED
38891,35,--,0,Waitlisted
31160,35,16,13,OPEN
37399,35,13,20,OPEN
38745,35,15,2,OPEN
38755,35,3,7,OPEN
31435,35,4,13,OPEN
37400,35,1,20,OPEN
38756,35,14,7,OPEN
38830,35,8,2,OPEN
35782,35,2,13,OPEN
37401,35,1,20,OPEN
38747,35,10,2,OPEN
38757,35,11,7,OPEN
37398,35,--,0,CLOSED
38879,35,--,0,CLOSED
38631,30,--,0,CLOSED
35508,35,25,5,OPEN
36664,35,28,2,OPEN
35509,35,5,5,OPEN
36665,35,5,2,OPEN
30917,35,11,21,OPEN
31733,35,11,16,OPEN
32251,35,24,6,OPEN
32436,35,17,15,OPEN
34901,35,3,21,OPEN
34903,35,4,16,OPEN
34908,35,3,6,OPEN
34928,35,2,15,OPEN
34902,35,0,21,OPEN
34904,35,4,16,OPEN
34909,35,2,6,OPEN
34929,35,1,15,OPEN
35266,35,20,4,OPEN
35267,35,18,6,OPEN
36723,35,26,2,OPEN
37540,35,25,1,OPEN
35280,35,8,17,OPEN
35476,35,19,12,OPEN
36726,35,22,9,OPEN
35938,35,6,4,OPEN
35940,35,9,6,OPEN
36724,35,5,2,OPEN
37541,35,9,1,OPEN
35944,35,2,12,OPEN
35946,35,10,17,OPEN
36727,35,3,9,OPEN
35939,35,5,4,OPEN
35941,35,2,6,OPEN
36725,35,2,2,OPEN
37542,35,0,1,OPEN
35945,35,2,12,OPEN
35947,35,0,17,OPEN
36728,35,1,9,OPEN
37370,30,19,11,OPEN
37338,35,--,0,CLOSED
37425,35,16,7,OPEN
37423,35,--,0,CLOSED
37426,35,11,7,OPEN
37424,35,--,0,CLOSED
37427,35,1,7,OPEN
38649,35,16,18,OPEN
38645,35,12,19,OPEN
38650,35,1,18,OPEN
38646,35,3,19,OPEN
38651,35,0,18,OPEN
38647,35,1,19,OPEN
38295,35,14,18,OPEN
38537,35,2,18,OPEN
38539,35,1,18,OPEN
32306,32,20,1,OPEN
30985,32,6,1,OPEN
30993,32,5,1,OPEN
32264,25,18,2,OPEN
33549,25,3,2,OPEN
33550,25,2,2,OPEN
37357,30,9,17,OPEN
37358,30,2,17,OPEN
38789,30,2,17,OPEN
35262,35,24,1,OPEN
35263,35,7,1,OPEN
35264,35,3,1,OPEN
37374,35,24,11,OPEN
32255,25,11,8,OPEN
34568,25,3,13,OPEN
38704,25,9,9,OPEN
32254,25,14,2,OPEN
32258,25,6,8,OPEN
34569,25,7,13,OPEN
38705,25,6,9,OPEN
32257,25,7,2,OPEN
32261,25,0,8,OPEN
34570,25,2,13,OPEN
38706,25,1,9,OPEN
32260,25,2,2,OPEN
31582,25,14,2,OPEN
34401,25,8,7,OPEN
31584,25,7,2,OPEN
34402,25,5,7,OPEN
33030,25,2,2,OPEN
34403,25,5,7,OPEN
37362,35,--,0,CLOSED
37363,35,--,0,CLOSED
37364,35,--,0,CLOSED
38759,30,14,3,OPEN
36672,30,--,0,CLOSED
38292,30,7,3,OPEN
36673,30,--,0,CLOSED
38293,30,6,3,OPEN
36674,30,--,0,CLOSED
38758,35,29,6,OPEN
32269,35,--,0,See Instructor
35177,35,--,0,See Instructor
36032,35,--,0,Waitlisted
31213,30,23,7,OPEN
38633,30,0,30,Restricted: Dual Enrollment
38847,30,11,19,Restricted: Dual Enrollment
38634,30,7,23,Restricted: Dual Enrollment
38325,35,--,0,See Instructor
38632,30,27,3,Restricted: Dual Enrollment
31442,10,2,8,Permission of Instructor
38323,25,13,12,OPEN
36687,15,2,6,OPEN
36688,15,7,6,OPEN
38743,45,2,42,OPEN
38744,45,1,42,OPEN
38297,30,--,0,See Instructor
35286,30,--,0,Waitlisted
38326,30,--,0,Waitlisted
36026,28,15,13,OPEN
36027,28,16,12,OPEN
38521,25,--,0,CLOSED
38525,30,28,2,OPEN
38520,25,--,0,CLOSED
38522,25,16,9,OPEN
38523,30,--,0,CLOSED
34627,9999,2,9997,OPEN
38270,14,13,1,OPEN
30503,30,8,17,OPEN
32923,30,5,17,OPEN
34843,30,--,0,Waitlisted
36400,30,--,0,Waitlisted
37458,30,--,0,See Instructor
32752,30,--,0,See Instructor
34844,30,--,0,See Instructor
37304,30,16,14,OPEN
37305,25,--,0,See Instructor
38296,25,24,1,OPEN
31169,25,--,0,See Instructor
31432,25,--,0,See Instructor
37913,25,20,4,OPEN
38488,25,11,9,OPEN
30525,25,13,4,OPEN
31134,25,--,0,See Instructor
37848,25,11,14,OPEN
34736,22,--,0,CLOSED
35287,25,--,0,CLOSED
35816,25,--,0,See Instructor
33323,25,11,14,OPEN
38491,1,--,0,CLOSED
37695,23,12,11,Restricted: Med Asst Program
37696,20,9,11,Restricted: Med Asst Program
37697,30,8,22,Restricted: Med Asst Program
32730,20,13,7,Restricted: Med Asst Program
37859,20,4,16,Restricted: Med Asst Program
38089,20,5,15,Restricted: Med Asst Program
32731,23,14,9,Restricted: Med Asst Program
37740,20,15,5,Restricted: Med Asst Program
37692,20,13,7,Restricted: Med Asst Program
33096,20,15,5,Restricted: Med Asst Program
38542,20,--,0,CLOSED
38546,15,11,1,OPEN
35500,15,5,3,OPEN
38547,15,3,1,OPEN
36341,15,7,3,OPEN
38284,15,--,0,See Instructor
38889,15,4,9,OPEN
38893,15,2,9,OPEN
31574,35,32,3,OPEN
32403,35,34,1,OPEN
36212,28,25,3,OPEN
36213,28,27,1,OPEN
36215,35,--,0,See Instructor
36216,35,--,0,CLOSED
36912,28,--,0,CLOSED
36935,35,--,0,See Instructor
31233,35,--,0,CLOSED
35854,35,--,0,See Instructor
36251,28,25,3,OPEN
36260,35,--,0,See Instructor
36887,35,32,3,OPEN
36890,28,25,3,OPEN
38880,35,29,6,OPEN
36264,35,--,0,See Instructor
36877,28,26,2,OPEN
37550,35,--,0,See Instructor
36217,35,--,0,See Instructor
36250,35,--,0,See Instructor
36261,35,--,0,See Instructor
36884,35,--,0,See Instructor
36908,35,--,0,See Instructor
38734,20,2,18,Restricted: Dual Enrollment
30690,30,--,0,See Instructor
31565,30,--,0,See Instructor
31619,30,--,0,See Instructor
32411,30,--,0,See Instructor
33084,30,19,11,OPEN
36267,30,--,0,See Instructor
37551,25,--,0,CLOSED
30628,30,24,6,OPEN
30900,30,28,2,OPEN
31623,30,--,0,See Instructor
34990,30,--,0,See Instructor
36419,30,27,3,OPEN
36885,25,--,0,CLOSED
37051,30,--,0,See Instructor
37552,25,16,9,OPEN
37553,30,--,0,See Instructor
31234,30,--,0,See Instructor
31143,30,--,0,See Instructor
31251,30,--,0,See Instructor
32430,30,--,0,CLOSED
32532,30,--,0,See Instructor
33504,30,--,0,See Instructor
34991,30,--,0,See Instructor
36266,30,--,0,See Instructor
36332,30,--,0,See Instructor
31974,30,20,10,Restricted: Math Path
36942,25,11,14,OPEN
36946,25,--,0,See Instructor
30709,30,17,13,OPEN
32533,30,27,3,OPEN
33506,30,28,2,OPEN
36361,30,29,1,OPEN
36418,30,--,0,See Instructor
32534,30,--,0,See Instructor
33538,30,--,0,See Instructor
35790,30,--,0,See Instructor
36991,30,--,0,CLOSED
38013,30,--,0,See Instructor
38809,30,25,5,OPEN
38833,30,21,9,OPEN
31307,30,25,5,OPEN
31266,30,--,0,See Instructor
33099,30,--,0,See Instructor
33505,30,--,0,See Instructor
36362,30,--,0,CLOSED
34992,30,20,10,Restricted: Math Path
36943,25,24,1,OPEN
30851,30,--,0,See Instructor
31305,30,--,0,See Instructor
36949,30,--,0,See Instructor
31276,30,--,0,See Instructor
38832,30,29,1,OPEN
34993,30,--,0,See Instructor
37555,30,10,20,OPEN
36223,35,--,0,See Instructor
36893,35,16,19,OPEN
36979,35,--,0,See Instructor
36220,35,19,16,OPEN
36252,35,--,0,See Instructor
36894,35,--,0,See Instructor
36980,35,--,0,See Instructor
36268,35,--,0,See Instructor
36364,35,--,0,See Instructor
36895,35,--,0,See Instructor
36993,35,--,0,See Instructor
38527,30,27,3,OPEN
38528,30,24,6,OPEN
38529,30,--,0,See Instructor
31595,30,29,1,OPEN
30853,30,--,0,See Instructor
32520,30,--,0,See Instructor
33510,30,--,0,See Instructor
33785,30,--,0,See Instructor
38003,30,22,8,Restricted: Dual Enrollment
33784,28,22,6,OPEN
35819,35,--,0,See Instructor
36228,35,--,0,See Instructor
37030,35,34,1,OPEN
36852,35,12,23,OPEN
36848,35,--,0,See Instructor
36227,35,--,0,See Instructor
33855,1,0,1,Permission of Instructor
31573,30,15,15,OPEN
37117,30,--,0,See Instructor
38791,30,--,0,See Instructor
36896,30,--,0,See Instructor
36273,25,--,0,See Instructor
35749,30,--,0,See Instructor
38790,30,--,0,See Instructor
38004,30,--,0,CLOSED
38831,30,27,3,OPEN
38793,30,24,6,OPEN
31538,30,--,0,See Instructor
37556,25,9,16,OPEN
36889,28,27,1,OPEN
36913,28,--,0,CLOSED
37049,28,27,1,OPEN
36891,28,26,2,OPEN
36909,28,25,3,OPEN
36878,28,26,2,OPEN
36789,28,22,6,OPEN
36045,24,--,0,See Instructor
37903,24,--,0,See Instructor
36046,24,--,0,See Instructor
36047,24,--,0,See Instructor
30938,24,--,0,See Instructor
36048,24,--,0,See Instructor
36049,24,23,1,OPEN
30939,24,--,0,See Instructor
32062,24,22,2,OPEN
36050,24,--,0,See Instructor
36245,20,18,2,OPEN
31452,40,28,12,OPEN
36630,40,25,15,OPEN
38484,40,--,0,Waitlisted
36096,40,--,0,CLOSED
36296,40,27,13,OPEN
33329,22,17,5,OPEN
38422,22,14,8,OPEN
33330,22,12,10,OPEN
33345,22,19,3,OPEN
34225,22,11,11,OPEN
34224,22,--,0,See Instructor
33341,20,18,2,OPEN
33332,22,18,4,OPEN
33346,22,20,2,OPEN
35541,25,12,13,OPEN
35542,25,20,5,OPEN
35526,24,15,9,OPEN
35527,24,13,11,OPEN
35528,24,17,7,OPEN
35533,24,19,5,OPEN
34226,20,16,4,OPEN
30954,21,0,5,Audition Required
38327,21,0,5,Audition Required
30586,21,0,7,Audition Required
30956,21,--,0,CLOSED
30551,21,2,5,Audition Required
38336,21,2,5,Audition Required
30548,21,1,7,Audition Required
30557,21,--,0,CLOSED
30957,21,3,5,OPEN
38337,21,7,5,OPEN
30604,21,8,7,OPEN
30959,21,--,0,CLOSED
30960,21,3,5,OPEN
38338,21,6,5,OPEN
30607,21,1,7,OPEN
30962,21,--,0,CLOSED
30905,21,4,5,OPEN
38339,21,1,5,OPEN
30611,21,1,7,OPEN
30965,21,--,0,CLOSED
30966,21,3,5,OPEN
38340,21,0,5,OPEN
30618,21,2,7,OPEN
30968,21,--,0,CLOSED
30970,180,100,80,OPEN
31680,21,1,5,OPEN
38341,21,0,5,OPEN
31677,21,1,7,OPEN
31682,21,--,0,CLOSED
31743,16,0,4,OPEN
38083,1,0,1,Permission of Instructor
33349,40,38,2,OPEN
30312,40,--,0,See Instructor
30976,40,--,0,See Instructor
30981,40,--,0,See Instructor
36325,40,31,9,OPEN
37836,40,--,0,See Instructor
38031,40,--,0,Waitlisted
38329,45,15,30,OPEN
34850,40,--,0,See Instructor
38883,40,--,0,CLOSED
32343,40,--,0,See Instructor
34230,40,--,0,See Instructor
38330,40,--,0,Waitlisted
34233,40,11,29,OPEN
38853,30,23,7,Restricted: Dual Enrollment
38331,20,--,0,CLOSED
35544,10,6,4,OPEN
34236,20,10,7,OPEN
36288,20,3,7,OPEN
31026,25,15,10,OPEN
35554,25,15,10,OPEN
31489,24,--,0,See Instructor
30883,24,18,6,OPEN
32708,24,12,12,OPEN
30989,24,13,11,OPEN
33705,24,12,12,OPEN
33704,24,13,11,OPEN
30186,24,19,5,OPEN
30994,22,--,0,See Instructor
31075,22,11,11,OPEN
33702,18,15,3,OPEN
32709,18,11,7,OPEN
30995,30,14,16,OPEN
30120,16,10,4,OPEN
37560,12,11,1,OPEN
35856,17,--,0,See Instructor
30329,17,13,4,OPEN
31002,17,13,4,OPEN
34239,17,15,2,OPEN
38625,25,19,6,OPEN
31004,30,--,0,See Instructor
34241,40,37,3,OPEN
37701,40,25,15,OPEN
31006,40,31,9,OPEN
31007,30,13,17,OPEN
31010,12,8,4,OPEN
31076,15,11,4,OPEN
36058,23,20,3,OPEN
36060,23,14,9,OPEN
34862,15,4,7,Audition Required
38460,15,4,11,OPEN
31017,22,--,0,See Instructor
36088,22,19,3,OPEN
38459,22,11,11,OPEN
37812,20,12,8,OPEN
38620,25,6,12,OPEN
38621,25,7,12,OPEN
37651,25,--,0,CLOSED
36805,16,14,2,OPEN
31025,16,--,0,See Instructor
38334,16,15,1,OPEN
30278,16,11,5,OPEN
31365,16,15,1,OPEN
38335,24,10,14,OPEN
31080,25,16,9,OPEN
32711,15,14,1,OPEN
38471,18,13,5,OPEN
38738,20,17,3,OPEN
34266,16,--,0,CLOSED
34267,16,11,5,Restricted: Nursing Program
34269,10,--,0,CLOSED
34268,10,--,0,CLOSED
34271,10,6,4,Restricted: Nursing Program
34270,10,5,5,Restricted: Nursing Program
34272,16,11,5,Restricted: Nursing Program
34273,20,12,8,Restricted: Nursing Program
34274,10,6,4,Restricted: Nursing Program
34275,10,5,5,Restricted: Nursing Program
34276,10,6,4,Restricted: Nursing Program
34277,10,6,4,Restricted: Nursing Program
38760,42,--,0,CLOSED
34331,10,--,0,CLOSED
34327,10,--,0,CLOSED
34328,10,--,0,CLOSED
35812,10,--,0,CLOSED
34326,10,--,0,CLOSED
34330,10,--,0,CLOSED
38749,32,29,3,Restricted: Nursing Program
30433,10,7,3,Restricted: Nursing Program
33089,10,8,2,Restricted: Nursing Program
31122,10,7,3,Restricted: Nursing Program
37023,10,7,3,Restricted: Nursing Program
38761,10,7,3,Restricted: Nursing Program
38764,10,7,3,Restricted: Nursing Program
38762,10,7,3,Restricted: Nursing Program
38763,10,8,2,Restricted: Nursing Program
34259,20,11,9,Restricted: Nursing Program
34260,20,11,9,Restricted: Nursing Program
30183,10,--,0,CLOSED
30179,10,--,0,CLOSED
31196,10,6,4,Restricted: Nursing Program
31330,10,5,5,Restricted: Nursing Program
30333,10,--,0,CLOSED
30336,10,--,0,CLOSED
31331,10,4,6,Restricted: Nursing Program
30338,10,5,5,Restricted: Nursing Program
34564,70,42,28,Restricted: Nursing Program
30206,10,7,3,Restricted: Nursing Program
30798,10,7,3,Restricted: Nursing Program
31614,10,6,4,Restricted: Nursing Program
30193,10,7,3,Restricted: Nursing Program
30207,10,7,3,Restricted: Nursing Program
38765,10,7,3,Restricted: Nursing Program
30373,10,9,1,Restricted: Nursing Program
30394,10,8,2,Restricted: Nursing Program
30376,10,9,1,Restricted: Nursing Program
32205,10,7,3,Restricted: Nursing Program
32204,10,8,2,Restricted: Nursing Program
30215,70,38,32,Restricted: Nursing Program
30218,10,7,3,Restricted: Nursing Program
30541,10,7,3,Restricted: Nursing Program
30801,10,6,4,Restricted: Nursing Program
30234,10,9,1,Restricted: Nursing Program
35391,10,9,1,Restricted: Nursing Program
30399,10,9,1,Restricted: Nursing Program
33101,10,7,3,Restricted: Nursing Program
37518,10,7,3,Restricted: Nursing Program
30404,10,6,4,Restricted: Nursing Program
35392,10,9,1,Restricted: Nursing Program
37782,10,8,2,Restricted: Nursing Program
38821,10,7,3,Restricted: Nursing Program
34251,10,--,0,Restricted: Nursing Program
34252,10,--,0,Restricted: Nursing Program
38343,10,--,0,Restricted: Nursing Program
34808,10,--,0,Restricted: Nursing Program
34809,10,--,0,Restricted: Nursing Program
38777,10,--,0,Restricted: Nursing Program
34254,30,--,0,Restricted: Nursing Program
38346,10,--,0,Restricted: Nursing Program
38347,10,--,0,Restricted: Nursing Program
38345,10,--,0,Restricted: Nursing Program
35393,32,--,0,CLOSED
31210,32,29,3,Restricted: Nursing Program
33557,45,43,2,OPEN
37381,45,--,0,See Instructor
35461,45,--,0,See Instructor
33558,45,43,2,OPEN
32736,60,--,0,CLOSED
33130,60,58,2,OPEN
33246,45,43,2,OPEN
37386,45,--,0,CLOSED
35864,45,--,0,See Instructor
35865,45,--,0,See Instructor
37387,45,44,1,OPEN
33245,45,--,0,Waitlisted
33247,45,--,0,Waitlisted
33252,45,--,0,Waitlisted
37377,35,19,16,OPEN
36681,40,38,2,OPEN
38252,25,16,9,OPEN
34196,15,--,0,See Instructor
38253,30,3,27,OPEN
38590,25,0,25,OPEN
38589,25,1,24,OPEN
38588,25,0,25,OPEN
38227,15,--,0,See Instructor
38228,15,13,2,OPEN
38229,15,10,5,OPEN
38230,15,--,0,See Instructor
38231,15,8,7,OPEN
38232,15,--,0,See Instructor
38233,15,11,4,OPEN
38234,15,--,0,See Instructor
38235,15,--,0,See Instructor
38236,15,--,0,See Instructor
38237,15,14,1,OPEN
38238,15,--,0,See Instructor
38239,15,12,3,OPEN
38240,15,13,2,OPEN
38241,15,--,0,See Instructor
38242,15,--,0,See Instructor
38243,15,--,0,See Instructor
38244,15,--,0,See Instructor
38245,15,--,0,See Instructor
31731,40,--,0,See Instructor
33976,40,39,1,OPEN
37710,40,34,6,OPEN
31099,40,16,24,OPEN
38042,40,--,0,See Instructor
38662,40,18,22,OPEN
38663,40,21,19,OPEN
36166,40,--,0,See Instructor
36714,40,--,0,See Instructor
36821,40,20,20,OPEN
37173,40,23,17,OPEN
37573,40,--,0,See Instructor
37810,40,--,0,See Instructor
37572,40,--,0,See Instructor
38664,40,--,0,Waitlisted
38850,40,--,0,Waitlisted
38869,40,--,0,Waitlisted
35088,35,--,0,See Instructor
31107,40,30,10,OPEN
36167,40,--,0,See Instructor
36716,40,--,0,Waitlisted
32165,40,29,11,OPEN
38579,40,--,0,See Instructor
30498,30,29,1,OPEN
38654,30,16,14,OPEN
32354,30,19,11,OPEN
35653,30,17,13,OPEN
38671,30,27,3,OPEN
31295,30,7,23,OPEN
30017,30,--,0,See Instructor
30766,30,--,0,See Instructor
31776,30,--,0,See Instructor
32166,30,29,1,OPEN
33126,30,29,1,OPEN
37704,30,27,3,OPEN
33201,30,28,2,OPEN
36342,30,--,0,See Instructor
37181,30,29,1,OPEN
35882,30,--,0,Waitlisted
37994,30,10,20,OPEN
38660,30,25,5,OPEN
36717,25,21,4,OPEN
32054,40,37,3,OPEN
38666,40,--,0,Waitlisted
37571,40,26,14,OPEN
37263,24,16,8,OPEN
37264,24,22,2,OPEN
37266,24,19,5,OPEN
37267,24,16,8,OPEN
37269,24,22,2,OPEN
37270,24,--,0,See Instructor
37272,24,18,6,OPEN
37579,24,--,0,See Instructor
37815,24,--,0,See Instructor
38603,24,15,9,OPEN
37276,24,--,0,See Instructor
37587,24,16,8,OPEN
37847,60,45,15,OPEN
32185,60,--,0,See Instructor
37581,60,--,0,See Instructor
37582,60,--,0,See Instructor
37908,20,5,4,OPEN
37909,20,2,4,OPEN
38261,24,23,1,OPEN
37590,24,11,13,OPEN
34605,12,5,7,Restricted: Biotechnology Prog
37999,28,23,5,OPEN
30490,28,--,0,See Instructor
34765,28,--,0,Waitlisted
33388,30,--,0,See Instructor
36629,28,16,12,OPEN
31215,24,--,0,See Instructor
31750,24,--,0,See Instructor
33778,24,--,0,See Instructor
31494,24,--,0,See Instructor
37439,28,19,9,OPEN
37930,28,--,0,See Instructor
37432,28,--,0,See Instructor
37433,28,27,1,OPEN
37434,28,24,4,OPEN
37436,28,--,0,See Instructor
37437,28,--,0,See Instructor
37435,28,--,0,See Instructor
37438,28,--,0,See Instructor
37440,24,16,8,OPEN
37855,24,23,1,OPEN
37441,24,--,0,See Instructor
37442,24,--,0,See Instructor
38266,24,--,0,See Instructor
38265,24,21,3,OPEN
38264,24,15,9,OPEN
34982,35,30,5,OPEN
33882,35,--,0,See Instructor
33883,35,--,0,See Instructor
32104,28,17,11,OPEN
38741,5,1,4,Permission of Instructor
30202,24,--,0,See Instructor
32455,24,20,4,OPEN
38719,27,19,8,OPEN
37225,40,--,0,See Instructor
37929,40,--,0,See Instructor
38276,40,27,13,OPEN
37827,40,--,0,CLOSED
37949,40,--,0,Waitlisted
38282,40,--,0,See Instructor
38283,40,--,0,See Instructor
37226,40,--,0,See Instructor
31481,40,--,0,See Instructor
30208,30,23,7,OPEN
30918,40,33,7,OPEN
38354,40,13,27,OPEN
38605,40,--,0,See Instructor
38279,40,18,22,OPEN
38450,40,34,6,OPEN
31314,40,--,0,See Instructor
38281,40,15,25,OPEN
34048,24,21,3,OPEN
37948,24,9,15,OPEN
30364,24,20,4,OPEN
32235,24,13,11,OPEN
38448,40,11,29,OPEN
35110,40,24,16,OPEN
31240,40,39,1,OPEN
31250,40,--,0,See Instructor
31393,40,34,6,OPEN
31399,40,--,0,See Instructor
31572,40,--,0,See Instructor
32582,35,34,1,OPEN
35656,40,--,0,See Instructor
35657,40,38,2,OPEN
36718,40,--,0,See Instructor
38784,35,20,15,OPEN
31252,40,--,0,See Instructor
31317,40,--,0,See Instructor
36170,40,36,4,OPEN
38271,40,24,16,OPEN
31475,40,--,0,See Instructor
31659,40,--,0,See Instructor
32581,40,38,2,OPEN
33055,40,--,0,See Instructor
33266,40,--,0,See Instructor
33273,40,--,0,See Instructor
34688,40,--,0,See Instructor
36173,40,--,0,See Instructor
36406,40,--,0,See Instructor
36457,40,--,0,See Instructor
37174,40,--,0,See Instructor
37596,40,--,0,See Instructor
31417,40,--,0,See Instructor
31656,40,--,0,See Instructor
33265,40,--,0,See Instructor
33272,40,--,0,See Instructor
33733,40,--,0,See Instructor
35192,40,--,0,See Instructor
38635,40,--,0,See Instructor
36174,36,23,13,OPEN
31657,40,--,0,Waitlisted
33123,40,--,0,Waitlisted
33269,40,--,0,Waitlisted
35193,40,--,0,Waitlisted
35861,40,--,0,Waitlisted
38636,40,--,0,Waitlisted
38814,40,--,0,Waitlisted
38876,40,--,0,Waitlisted
38813,30,--,0,CLOSED
31241,40,20,20,OPEN
34932,40,--,0,CLOSED
38272,40,--,0,See Instructor
30703,40,--,0,See Instructor
35658,40,--,0,See Instructor
37597,40,36,4,OPEN
31256,40,23,17,OPEN
30716,40,15,25,OPEN
35771,40,--,0,See Instructor
30430,40,37,3,OPEN
31207,40,--,0,See Instructor
31610,40,--,0,See Instructor
32973,40,16,24,OPEN
36196,40,33,7,OPEN
38730,40,35,5,OPEN
30266,80,--,0,See Instructor
33056,40,34,6,OPEN
34529,40,--,0,See Instructor
36177,40,--,0,See Instructor
38707,80,75,5,OPEN
38731,40,37,3,OPEN
31580,40,33,7,OPEN
32585,40,--,0,See Instructor
35114,40,35,5,OPEN
36178,40,--,0,See Instructor
37633,40,--,0,CLOSED
37689,40,--,0,See Instructor
38679,40,--,0,See Instructor
33979,40,--,0,See Instructor
35693,80,--,0,See Instructor
35195,40,--,0,See Instructor
35661,40,--,0,CLOSED
35662,40,--,0,CLOSED
37180,40,--,0,CLOSED
38674,30,8,22,Restricted: Dual Enrollment
38672,30,17,13,Restricted: Dual Enrollment
38673,35,8,27,Restricted: Dual Enrollment
38576,35,--,0,See Instructor
33781,40,--,0,See Instructor
38388,40,32,8,OPEN
35150,40,--,0,See Instructor
36729,40,--,0,See Instructor
31296,40,--,0,See Instructor
31611,40,--,0,See Instructor
31671,40,--,0,See Instructor
36179,40,--,0,See Instructor
36825,40,--,0,See Instructor
38675,30,13,17,Restricted: Dual Enrollment
36732,40,--,0,See Instructor
36731,40,--,0,See Instructor
38041,40,--,0,CLOSED
32171,25,--,0,See Instructor
36190,25,--,0,See Instructor
36191,25,--,0,See Instructor
36740,25,--,0,See Instructor
36187,25,--,0,See Instructor
36738,25,--,0,See Instructor
38826,25,--,0,See Instructor
36429,25,--,0,See Instructor
38039,25,--,0,See Instructor
38002,25,--,0,Waitlisted
38895,25,9,16,OPEN
38820,1,--,0,CLOSED
36193,40,29,11,OPEN
37791,40,--,0,See Instructor
38392,40,37,3,OPEN
30393,40,--,0,See Instructor
31740,40,--,0,See Instructor
32365,40,--,0,See Instructor
38394,40,--,0,See Instructor
38053,40,--,0,CLOSED
37632,40,--,0,See Instructor
36407,40,--,0,See Instructor
36182,40,--,0,See Instructor
31206,40,38,2,OPEN
36735,40,11,29,OPEN
36737,40,28,12,OPEN
35843,40,39,1,OPEN
33059,40,20,20,OPEN
37586,40,--,0,See Instructor
38677,40,--,0,CLOSED
38680,40,--,0,See Instructor
38578,40,--,0,See Instructor
38055,40,--,0,CLOSED
34776,40,--,0,See Instructor
38823,40,2,34,OPEN
30555,24,--,0,See Instructor
32119,24,--,0,See Instructor
32120,24,--,0,See Instructor
35403,24,--,0,See Instructor
36438,24,22,2,OPEN
30190,24,--,0,See Instructor
36437,24,23,1,OPEN
37635,24,--,0,See Instructor
37868,24,--,0,See Instructor
30674,24,22,2,OPEN
35223,24,--,0,See Instructor
37567,30,--,0,See Instructor
37568,30,--,0,See Instructor
38356,15,7,8,Restricted: Restorative Dental
38355,15,7,8,Restricted: Restorative Dental
38359,15,7,8,Restricted: Restorative Dental
38360,15,7,8,Restricted: Restorative Dental
38357,15,7,8,Restricted: Restorative Dental
38358,15,7,8,Restricted: Restorative Dental
38361,15,8,7,Restricted: Restorative Dental
38364,15,8,7,Restricted: Restorative Dental
38370,15,8,7,Restricted: Restorative Dental
38369,15,8,7,Restricted: Restorative Dental
38371,15,8,7,Restricted: Restorative Dental
38362,15,8,7,Restricted: Restorative Dental
32739,20,18,2,Restricted
32740,20,18,2,Restricted
32741,20,18,2,Restricted
32742,24,16,8,Restricted
32743,20,18,2,Restricted
32744,20,16,4,Restricted
37097,1,0,1,Permission of Instructor
37610,20,5,15,Restricted
32747,20,16,4,Restricted
32172,40,13,27,OPEN
38580,40,14,26,OPEN
32856,40,13,27,OPEN
32225,30,14,16,OPEN
30485,30,9,21,OPEN
31758,25,1,19,OPEN
31759,25,5,19,OPEN
36159,24,--,0,See Instructor
38688,24,--,0,CLOSED
36647,28,21,7,Restricted: SLPA
36648,28,21,7,Restricted: SLPA
32906,28,24,4,Restricted: SLPA
34519,15,13,2,Restricted: SLPA
36646,15,13,2,Restricted: SLPA
30510,40,22,18,OPEN
31291,40,15,25,OPEN
31342,40,12,28,OPEN
31343,40,--,0,See Instructor
32325,40,--,0,See Instructor
34341,40,22,18,OPEN
36203,40,11,29,OPEN
38558,40,32,8,OPEN
34340,40,27,13,OPEN
36744,36,9,27,OPEN
38559,40,20,20,OPEN
32930,40,24,16,OPEN
34549,40,21,19,OPEN
35147,40,18,22,OPEN
30029,40,--,0,See Instructor
31747,40,--,0,See Instructor
32326,40,--,0,See Instructor
36745,40,--,0,See Instructor
36747,40,--,0,See Instructor
37605,40,--,0,See Instructor
32199,40,--,0,See Instructor
32330,40,--,0,See Instructor
32394,40,--,0,See Instructor
32590,40,--,0,See Instructor
33128,40,--,0,See Instructor
33289,40,--,0,See Instructor
35810,40,--,0,See Instructor
33285,40,--,0,Waitlisted
33286,40,--,0,Waitlisted
34689,40,--,0,Waitlisted
35862,40,--,0,Waitlisted
38783,30,13,17,Restricted: Dual Enrollment
38638,30,13,17,Restricted: Dual Enrollment
38854,20,7,13,Restricted: Dual Enrollment
38782,30,0,30,Restricted: Dual Enrollment
38560,35,--,0,See Instructor
30561,40,14,26,OPEN
33982,40,21,19,OPEN
36204,40,20,20,OPEN
36751,40,--,0,CLOSED
37665,30,15,15,Restricted: Dual Enrollment
36830,40,--,0,CLOSED
38861,40,7,17,OPEN
32969,40,23,5,OPEN
36829,40,--,0,CLOSED
37687,40,20,1,OPEN
37623,40,--,0,CLOSED
38877,40,--,0,CLOSED
38697,40,3,37,Restricted: Dual Enrollment
32857,40,--,0,See Instructor
37607,40,--,0,See Instructor
35665,40,19,21,OPEN
38665,40,14,26,Restricted: Dual Enrollment
32173,40,--,0,See Instructor
38262,40,15,25,OPEN
38263,40,17,23,OPEN
37611,40,--,0,See Instructor
37612,40,--,0,CLOSED
37621,40,38,2,OPEN
37622,40,--,0,CLOSED
37619,40,--,0,CLOSED
37615,40,15,23,OPEN
37841,40,20,20,OPEN
34749,30,19,11,OPEN
37926,30,10,20,OPEN
38409,30,22,8,OPEN
31352,30,19,11,OPEN
32077,30,--,0,See Instructor
31093,30,--,0,See Instructor
31355,30,--,0,See Instructor
31358,30,--,0,See Instructor
32074,30,--,0,See Instructor
34640,30,--,0,See Instructor
38413,30,--,0,See Instructor
38414,30,--,0,See Instructor
30279,30,22,8,OPEN
30378,30,25,5,OPEN
31357,30,17,13,OPEN
38069,30,--,0,Waitlisted
38874,30,--,0,Waitlisted
38882,30,--,0,Waitlisted
31524,30,12,18,OPEN
30570,30,20,10,OPEN
34738,30,27,3,OPEN
30877,30,--,0,See Instructor
30829,30,25,5,OPEN
31371,25,15,10,OPEN
30619,25,8,17,OPEN
38827,25,16,9,Restricted: Dual Enrollment
38828,25,23,2,Restricted: Dual Enrollment
32050,25,10,15,OPEN
38412,30,--,0,CLOSED
36413,25,21,4,OPEN
30334,32,31,1,OPEN
31042,32,23,9,OPEN
31384,32,--,0,See Instructor
31386,32,29,3,OPEN
31396,32,30,2,OPEN
31566,32,26,6,Restricted: Ujima
32998,32,15,17,OPEN
33036,32,12,20,OPEN
33738,32,--,0,See Instructor
38668,32,--,0,See Instructor
38701,32,31,1,OPEN
30346,32,29,3,OPEN
30348,32,28,4,OPEN
31394,32,30,2,OPEN
31413,32,31,1,OPEN
31421,32,--,0,See Instructor
31507,32,29,3,OPEN
33641,32,--,0,See Instructor
35736,32,17,15,OPEN
36758,32,--,0,See Instructor
30140,32,28,4,OPEN
30152,32,--,0,See Instructor
30305,32,26,6,OPEN
31286,32,--,0,See Instructor
31354,32,--,0,See Instructor
31383,32,--,0,See Instructor
31387,32,--,0,See Instructor
31388,32,--,0,See Instructor
31395,32,--,0,See Instructor
31418,32,24,8,OPEN
32147,32,--,0,See Instructor
32388,32,--,0,See Instructor
32999,32,31,1,OPEN
33640,32,--,0,See Instructor
37140,32,31,1,OPEN
37197,32,--,0,See Instructor
38017,32,--,0,See Instructor
38080,32,--,0,CLOSED
37198,32,--,0,See Instructor
38005,32,--,0,See Instructor
38025,32,--,0,See Instructor
38026,32,31,1,OPEN
38027,32,--,0,See Instructor
38365,32,--,0,See Instructor
36787,32,--,0,Waitlisted
38071,32,--,0,Waitlisted
38072,32,--,0,Waitlisted
38726,25,0,25,Restricted: Dual Enrollment
38686,30,14,16,Restricted: Dual Enrollment
38729,25,0,25,Restricted: Dual Enrollment
38368,32,7,25,OPEN
37927,25,22,3,OPEN
31217,32,17,15,OPEN
31407,32,28,4,OPEN
33624,32,--,0,See Instructor
33626,32,--,0,See Instructor
32922,32,--,0,Waitlisted
33293,32,--,0,Waitlisted
33294,32,--,0,Waitlisted
30417,27,23,4,OPEN
30382,32,--,0,See Instructor
37638,32,--,0,See Instructor
31422,32,--,0,See Instructor
35168,32,28,4,OPEN
38657,32,29,3,OPEN
30500,32,24,8,OPEN
32919,32,--,0,See Instructor
37160,32,--,0,See Instructor
37646,32,--,0,See Instructor
36109,32,--,0,See Instructor
36115,32,30,2,OPEN
37643,32,--,0,See Instructor
38075,32,--,0,See Instructor
35598,32,14,18,OPEN
37644,32,--,0,Waitlisted
38366,32,--,0,Waitlisted
38367,32,--,0,Waitlisted
38685,30,21,9,Restricted: Dual Enrollment
36057,32,17,15,OPEN
32149,32,26,6,OPEN
36135,30,25,5,OPEN
37184,30,--,0,See Instructor
36534,65,--,0,See Instructor
37906,35,--,0,See Instructor
32174,35,32,3,OPEN
37580,35,26,9,OPEN
38699,35,28,7,OPEN
36200,35,32,3,OPEN
36750,35,34,1,OPEN
38681,35,31,4,OPEN
38682,35,25,10,OPEN
35076,35,--,0,See Instructor
35666,35,--,0,See Instructor
36197,35,--,0,See Instructor
36199,35,--,0,See Instructor
36749,35,32,3,OPEN
38678,35,--,0,See Instructor
30474,35,33,2,OPEN
30624,35,--,0,See Instructor
30934,28,26,2,OPEN
32515,35,--,0,See Instructor
32560,28,25,3,OPEN
36240,35,--,0,See Instructor
36327,35,22,13,OPEN
36866,28,--,0,CLOSED
36986,28,27,1,OPEN
36992,35,--,0,See Instructor
30257,35,--,0,See Instructor
30637,35,--,0,See Instructor
31571,35,--,0,See Instructor
36401,35,23,12,OPEN
36868,28,24,4,OPEN
36906,35,--,0,See Instructor
36917,35,--,0,See Instructor
36929,35,--,0,See Instructor
36956,28,27,1,OPEN
34585,35,28,7,OPEN
31297,35,--,0,CLOSED
32409,35,--,0,See Instructor
32558,35,--,0,CLOSED
35163,35,--,0,See Instructor
36280,35,--,0,See Instructor
36328,35,--,0,See Instructor
36334,35,--,0,See Instructor
36428,35,--,0,See Instructor
36930,35,--,0,See Instructor
36932,35,--,0,See Instructor
36934,35,--,0,See Instructor
36968,35,--,0,CLOSED
36970,35,--,0,See Instructor
38691,30,23,7,Restricted: Dual Enrollment
36931,30,16,14,OPEN
38532,30,--,0,See Instructor
36867,28,--,0,CLOSED
36955,28,27,1,OPEN
36961,28,25,3,OPEN
36987,28,27,1,OPEN
36869,28,24,4,OPEN
36957,28,27,1,OPEN
37178,25,21,4,OPEN
30450,25,23,2,OPEN
37368,25,--,0,See Instructor
37369,25,--,0,See Instructor
37637,25,--,0,See Instructor
38076,25,5,20,OPEN
31457,28,20,8,OPEN
32352,28,22,6,OPEN
31455,28,12,16,OPEN
37775,28,19,9,OPEN
30175,28,--,0,See Instructor
37018,35,25,10,OPEN
38550,35,--,0,See Instructor
30533,25,--,0,See Instructor
32823,25,--,0,See Instructor
31468,13,10,3,OPEN
30464,18,8,6,OPEN
30898,18,4,13,OPEN
32155,18,4,6,OPEN
32156,18,1,13,OPEN
37784,20,9,11,OPEN
36807,17,7,10,OPEN
37380,20,10,10,Audition Required
38018,20,0,20,Audition Required
38551,10,0,10,Audition Required
33403,10,0,10,Audition Required
31471,30,22,8,OPEN
32697,18,8,10,OPEN
30679,15,4,7,Audition Required
38255,25,--,0,See Instructor
38256,25,--,0,Waitlisted
31433,35,12,23,OPEN
38374,35,--,0,See Instructor
38375,35,--,0,Waitlisted
30410,16,--,0,See Instructor
31436,16,15,1,OPEN
31437,16,--,0,See Instructor
38555,16,10,6,OPEN
36083,12,--,0,See Instructor
38694,16,--,0,See Instructor
34420,12,--,0,See Instructor
37655,12,--,0,See Instructor
31438,12,--,0,See Instructor
38692,30,17,13,Restricted: Dual Enrollment
38693,30,18,12,Restricted: Dual Enrollment
37656,25,16,9,OPEN
38379,30,--,0,See Instructor
37103,20,15,5,OPEN
35769,20,17,3,OPEN
37658,20,4,16,OPEN
36397,25,--,0,See Instructor
38376,40,--,0,See Instructor
38377,40,--,0,Waitlisted
38554,12,6,6,OPEN
37931,10,6,4,OPEN
35210,1,0,1,Permission of Dean
38084,1,0,1,Permission of Instructor
34673,1,--,0,Permission of Dean
38788,1,--,0,CLOSED
38384,16,11,5,OPEN
37200,20,14,3,OPEN
37201,20,--,0,CLOSED
38332,20,11,1,OPEN
38526,20,8,1,OPEN
37203,20,3,3,OPEN
37206,20,--,0,CLOSED
38714,20,--,0,CLOSED
31486,20,5,8,OPEN
31487,20,--,0,CLOSED
31488,20,7,8,OPEN
38884,20,2,18,OPEN
